n_agents: 2
beta: 0.9
upperb: 1.
lowerb: 0.
upperh: 0.35
lowerh: 0.1
sigma: 0.5
reg_c: 0.0001
pen_opt_vf: 10.
pen_vf: 10.
pen_opt_barrier: 0.   #0.01
pen_barrier: 0.
Pi_1_1: 0.9
Pi_1_2: 0.1
Pi_2_1: 0.06666666666
Pi_2_2: 0.93333333333 

